
> print(thesample)
   Sp.int CL CD  FL   BM
1       1 40 18 183 3550
2       1 39 18 190 4250
3       3 59 17 230 6050
4       3 46 14 209 4800
5       3 40 13 214 4650
6       3 50 15 216 5000
7       1 37 16 192 3000
8       1 41 18 192 4050
9       3 46 14 221 5300
10      3 49 16 224 5650
11      1 39 17 193 4250
12      2 49 18 195 3600
13      1 36 17 187 3700
14      3 46 15 216 4700
15      3 46 13 210 4550
16      1 39 17 186 3500
17      2 51 18 197 3750
18      2 49 17 198 3675
19      1 41 18 189 3325
20      3 46 14 215 4850
21      1 35 17 192 3725
22      3 46 14 217 5200
23      3 47 13 216 4725
24      3 45 15 215 5300
25      3 45 14 212 5200
26      1 35 15 186 3050
27      3 45 14 215 5000
28      2 52 19 197 3725
29      1 35 18 187 3800
30      1 43 19 197 4775
31      1 43 18 192 4100
32      3 44 14 214 4850
33      1 36 17 187 3300
34      1 39 20 190 3650
35      1 37 18 178 3900
36      1 37 19 198 3500
37      1 35 19 189 3800
38      1 40 17 187 3200
39      2 49 18 193 3775
40      1 34 18 184 3325
41      1 35 19 193 4200
42      1 35 17 190 3450
43      3 49 16 230 5700
44      3 43 15 213 4650
45      3 47 15 215 5650
46      3 50 15 222 5550
47      2 50 19 193 3800
48      1 35 16 195 3350
49      1 36 16 187 3550
50      2 51 19 193 3650

> print(matrix.bayes)
Confusion Matrix and Statistics

          Reference
Prediction   1   2   3
         1 140  35   0
         2   0  22   0
         3   1  10 122

Overall Statistics
                                          
               Accuracy : 0.8606          
                 95% CI : (0.8185, 0.8961)
    No Information Rate : 0.4273          
    P-Value [Acc > NIR] : < 2.2e-16       
                                          
                  Kappa : 0.7718          
                                          
 Mcnemar's Test P-Value : 5.671e-10       

Statistics by Class:

                     Class: 1 Class: 2 Class: 3
Sensitivity            0.9929  0.32836   1.0000
Specificity            0.8148  1.00000   0.9471
Pos Pred Value         0.8000  1.00000   0.9173
Neg Pred Value         0.9935  0.85390   1.0000
Prevalence             0.4273  0.20303   0.3697
Detection Rate         0.4242  0.06667   0.3697
Detection Prevalence   0.5303  0.06667   0.4030
Balanced Accuracy      0.9039  0.66418   0.9736

> print(note1)
NULL

> sink()
